+----------+-----------------+----------------+------------------+
|   epoche |   learning_rate |   reg_constant |   accuracy_score |
+==========+=================+================+==================+
|        1 |         10      |        10      |            0.5   |
+----------+-----------------+----------------+------------------+
|        1 |         10      |         1      |            0.5   |
+----------+-----------------+----------------+------------------+
|        1 |         10      |         0      |            0.772 |
+----------+-----------------+----------------+------------------+
|        1 |         10      |         0.1    |            0.5   |
+----------+-----------------+----------------+------------------+
|        1 |         10      |         0.001  |            0.674 |
+----------+-----------------+----------------+------------------+
|        1 |         10      |         0.0001 |            0.718 |
+----------+-----------------+----------------+------------------+
|        1 |         10      |         1e-05  |            0.753 |
+----------+-----------------+----------------+------------------+
|        1 |         10      |         1e-06  |            0.694 |
+----------+-----------------+----------------+------------------+
|        1 |          1      |        10      |            0.5   |
+----------+-----------------+----------------+------------------+
|        1 |          1      |         1      |            0.5   |
+----------+-----------------+----------------+------------------+
|        1 |          1      |         0      |            0.531 |
+----------+-----------------+----------------+------------------+
|        1 |          1      |         0.1    |            0.5   |
+----------+-----------------+----------------+------------------+
|        1 |          1      |         0.001  |            0.529 |
+----------+-----------------+----------------+------------------+
|        1 |          1      |         0.0001 |            0.633 |
+----------+-----------------+----------------+------------------+
|        1 |          1      |         1e-05  |            0.611 |
+----------+-----------------+----------------+------------------+
|        1 |          1      |         1e-06  |            0.637 |
+----------+-----------------+----------------+------------------+
|        1 |          0.5    |        10      |            0.5   |
+----------+-----------------+----------------+------------------+
|        1 |          0.5    |         1      |            0.5   |
+----------+-----------------+----------------+------------------+
|        1 |          0.5    |         0      |            0.692 |
+----------+-----------------+----------------+------------------+
|        1 |          0.5    |         0.1    |            0.636 |
+----------+-----------------+----------------+------------------+
|        1 |          0.5    |         0.001  |            0.735 |
+----------+-----------------+----------------+------------------+
|        1 |          0.5    |         0.0001 |            0.551 |
+----------+-----------------+----------------+------------------+
|        1 |          0.5    |         1e-05  |            0.772 |
+----------+-----------------+----------------+------------------+
|        1 |          0.5    |         1e-06  |            0.712 |
+----------+-----------------+----------------+------------------+
|        1 |          0.1    |        10      |            0.5   |
+----------+-----------------+----------------+------------------+
|        1 |          0.1    |         1      |            0.501 |
+----------+-----------------+----------------+------------------+
|        1 |          0.1    |         0      |            0.74  |
+----------+-----------------+----------------+------------------+
|        1 |          0.1    |         0.1    |            0.643 |
+----------+-----------------+----------------+------------------+
|        1 |          0.1    |         0.001  |            0.778 |
+----------+-----------------+----------------+------------------+
|        1 |          0.1    |         0.0001 |            0.561 |
+----------+-----------------+----------------+------------------+
|        1 |          0.1    |         1e-05  |            0.574 |
+----------+-----------------+----------------+------------------+
|        1 |          0.1    |         1e-06  |            0.778 |
+----------+-----------------+----------------+------------------+
|        1 |          0.001  |        10      |            0.505 |
+----------+-----------------+----------------+------------------+
|        1 |          0.001  |         1      |            0.679 |
+----------+-----------------+----------------+------------------+
|        1 |          0.001  |         0      |            0.682 |
+----------+-----------------+----------------+------------------+
|        1 |          0.001  |         0.1    |            0.746 |
+----------+-----------------+----------------+------------------+
|        1 |          0.001  |         0.001  |            0.747 |
+----------+-----------------+----------------+------------------+
|        1 |          0.001  |         0.0001 |            0.623 |
+----------+-----------------+----------------+------------------+
|        1 |          0.001  |         1e-05  |            0.738 |
+----------+-----------------+----------------+------------------+
|        1 |          0.001  |         1e-06  |            0.716 |
+----------+-----------------+----------------+------------------+
|        1 |          0.0001 |        10      |            0.76  |
+----------+-----------------+----------------+------------------+
|        1 |          0.0001 |         1      |            0.722 |
+----------+-----------------+----------------+------------------+
|        1 |          0.0001 |         0      |            0.653 |
+----------+-----------------+----------------+------------------+
|        1 |          0.0001 |         0.1    |            0.772 |
+----------+-----------------+----------------+------------------+
|        1 |          0.0001 |         0.001  |            0.68  |
+----------+-----------------+----------------+------------------+
|        1 |          0.0001 |         0.0001 |            0.571 |
+----------+-----------------+----------------+------------------+
|        1 |          0.0001 |         1e-05  |            0.769 |
+----------+-----------------+----------------+------------------+
|        1 |          0.0001 |         1e-06  |            0.759 |
+----------+-----------------+----------------+------------------+
|        1 |          1e-05  |        10      |            0.717 |
+----------+-----------------+----------------+------------------+
|        1 |          1e-05  |         1      |            0.595 |
+----------+-----------------+----------------+------------------+
|        1 |          1e-05  |         0      |            0.743 |
+----------+-----------------+----------------+------------------+
|        1 |          1e-05  |         0.1    |            0.631 |
+----------+-----------------+----------------+------------------+
|        1 |          1e-05  |         0.001  |            0.764 |
+----------+-----------------+----------------+------------------+
|        1 |          1e-05  |         0.0001 |            0.69  |
+----------+-----------------+----------------+------------------+
|        1 |          1e-05  |         1e-05  |            0.744 |
+----------+-----------------+----------------+------------------+
|        1 |          1e-05  |         1e-06  |            0.688 |
+----------+-----------------+----------------+------------------+
|        1 |          1e-06  |        10      |            0.685 |
+----------+-----------------+----------------+------------------+
|        1 |          1e-06  |         1      |            0.736 |
+----------+-----------------+----------------+------------------+
|        1 |          1e-06  |         0      |            0.752 |
+----------+-----------------+----------------+------------------+
|        1 |          1e-06  |         0.1    |            0.65  |
+----------+-----------------+----------------+------------------+
|        1 |          1e-06  |         0.001  |            0.557 |
+----------+-----------------+----------------+------------------+
|        1 |          1e-06  |         0.0001 |            0.755 |
+----------+-----------------+----------------+------------------+
|        1 |          1e-06  |         1e-05  |            0.739 |
+----------+-----------------+----------------+------------------+
|        1 |          1e-06  |         1e-06  |            0.667 |
+----------+-----------------+----------------+------------------+
|       10 |         10      |        10      |            0.5   |
+----------+-----------------+----------------+------------------+
|       10 |         10      |         1      |            0.5   |
+----------+-----------------+----------------+------------------+
|       10 |         10      |         0      |            0.663 |
+----------+-----------------+----------------+------------------+
|       10 |         10      |         0.1    |            0.5   |
+----------+-----------------+----------------+------------------+
|       10 |         10      |         0.001  |            0.647 |
+----------+-----------------+----------------+------------------+
|       10 |         10      |         0.0001 |            0.546 |
+----------+-----------------+----------------+------------------+
|       10 |         10      |         1e-05  |            0.717 |
+----------+-----------------+----------------+------------------+
|       10 |         10      |         1e-06  |            0.694 |
+----------+-----------------+----------------+------------------+
|       10 |          1      |        10      |            0.5   |
+----------+-----------------+----------------+------------------+
|       10 |          1      |         1      |            0.5   |
+----------+-----------------+----------------+------------------+
|       10 |          1      |         0      |            0.748 |
+----------+-----------------+----------------+------------------+
|       10 |          1      |         0.1    |            0.5   |
+----------+-----------------+----------------+------------------+
|       10 |          1      |         0.001  |            0.676 |
+----------+-----------------+----------------+------------------+
|       10 |          1      |         0.0001 |            0.705 |
+----------+-----------------+----------------+------------------+
|       10 |          1      |         1e-05  |            0.739 |
+----------+-----------------+----------------+------------------+
|       10 |          1      |         1e-06  |            0.756 |
+----------+-----------------+----------------+------------------+
|       10 |          0.5    |        10      |            0.5   |
+----------+-----------------+----------------+------------------+
|       10 |          0.5    |         1      |            0.5   |
+----------+-----------------+----------------+------------------+
|       10 |          0.5    |         0      |            0.768 |
+----------+-----------------+----------------+------------------+
|       10 |          0.5    |         0.1    |            0.5   |
+----------+-----------------+----------------+------------------+
|       10 |          0.5    |         0.001  |            0.733 |
+----------+-----------------+----------------+------------------+
|       10 |          0.5    |         0.0001 |            0.648 |
+----------+-----------------+----------------+------------------+
|       10 |          0.5    |         1e-05  |            0.694 |
+----------+-----------------+----------------+------------------+
|       10 |          0.5    |         1e-06  |            0.628 |
+----------+-----------------+----------------+------------------+
|       10 |          0.1    |        10      |            0.5   |
+----------+-----------------+----------------+------------------+
|       10 |          0.1    |         1      |            0.634 |
+----------+-----------------+----------------+------------------+
|       10 |          0.1    |         0      |            0.714 |
+----------+-----------------+----------------+------------------+
|       10 |          0.1    |         0.1    |            0.689 |
+----------+-----------------+----------------+------------------+
|       10 |          0.1    |         0.001  |            0.716 |
+----------+-----------------+----------------+------------------+
|       10 |          0.1    |         0.0001 |            0.746 |
+----------+-----------------+----------------+------------------+
|       10 |          0.1    |         1e-05  |            0.773 |
+----------+-----------------+----------------+------------------+
|       10 |          0.1    |         1e-06  |            0.627 |
+----------+-----------------+----------------+------------------+
|       10 |          0.001  |        10      |            0.5   |
+----------+-----------------+----------------+------------------+
|       10 |          0.001  |         1      |            0.638 |
+----------+-----------------+----------------+------------------+
|       10 |          0.001  |         0      |            0.746 |
+----------+-----------------+----------------+------------------+
|       10 |          0.001  |         0.1    |            0.759 |
+----------+-----------------+----------------+------------------+
|       10 |          0.001  |         0.001  |            0.764 |
+----------+-----------------+----------------+------------------+
|       10 |          0.001  |         0.0001 |            0.748 |
+----------+-----------------+----------------+------------------+
|       10 |          0.001  |         1e-05  |            0.676 |
+----------+-----------------+----------------+------------------+
|       10 |          0.001  |         1e-06  |            0.678 |
+----------+-----------------+----------------+------------------+
|       10 |          0.0001 |        10      |            0.541 |
+----------+-----------------+----------------+------------------+
|       10 |          0.0001 |         1      |            0.775 |
+----------+-----------------+----------------+------------------+
|       10 |          0.0001 |         0      |            0.743 |
+----------+-----------------+----------------+------------------+
|       10 |          0.0001 |         0.1    |            0.617 |
+----------+-----------------+----------------+------------------+
|       10 |          0.0001 |         0.001  |            0.751 |
+----------+-----------------+----------------+------------------+
|       10 |          0.0001 |         0.0001 |            0.718 |
+----------+-----------------+----------------+------------------+
|       10 |          0.0001 |         1e-05  |            0.714 |
+----------+-----------------+----------------+------------------+
|       10 |          0.0001 |         1e-06  |            0.753 |
+----------+-----------------+----------------+------------------+
|       10 |          1e-05  |        10      |            0.686 |
+----------+-----------------+----------------+------------------+
|       10 |          1e-05  |         1      |            0.72  |
+----------+-----------------+----------------+------------------+
|       10 |          1e-05  |         0      |            0.705 |
+----------+-----------------+----------------+------------------+
|       10 |          1e-05  |         0.1    |            0.774 |
+----------+-----------------+----------------+------------------+
|       10 |          1e-05  |         0.001  |            0.769 |
+----------+-----------------+----------------+------------------+
|       10 |          1e-05  |         0.0001 |            0.742 |
+----------+-----------------+----------------+------------------+
|       10 |          1e-05  |         1e-05  |            0.713 |
+----------+-----------------+----------------+------------------+
|       10 |          1e-05  |         1e-06  |            0.652 |
+----------+-----------------+----------------+------------------+
|       10 |          1e-06  |        10      |            0.759 |
+----------+-----------------+----------------+------------------+
|       10 |          1e-06  |         1      |            0.76  |
+----------+-----------------+----------------+------------------+
|       10 |          1e-06  |         0      |            0.647 |
+----------+-----------------+----------------+------------------+
|       10 |          1e-06  |         0.1    |            0.745 |
+----------+-----------------+----------------+------------------+
|       10 |          1e-06  |         0.001  |            0.687 |
+----------+-----------------+----------------+------------------+
|       10 |          1e-06  |         0.0001 |            0.771 |
+----------+-----------------+----------------+------------------+
|       10 |          1e-06  |         1e-05  |            0.649 |
+----------+-----------------+----------------+------------------+
|       10 |          1e-06  |         1e-06  |            0.688 |
+----------+-----------------+----------------+------------------+
|      100 |         10      |        10      |            0.5   |
+----------+-----------------+----------------+------------------+
|      100 |         10      |         1      |            0.5   |
+----------+-----------------+----------------+------------------+
|      100 |         10      |         0      |            0.723 |
+----------+-----------------+----------------+------------------+
|      100 |         10      |         0.1    |            0.5   |
+----------+-----------------+----------------+------------------+
|      100 |         10      |         0.001  |            0.505 |
+----------+-----------------+----------------+------------------+
|      100 |         10      |         0.0001 |            0.681 |
+----------+-----------------+----------------+------------------+
|      100 |         10      |         1e-05  |            0.745 |
+----------+-----------------+----------------+------------------+
|      100 |         10      |         1e-06  |            0.675 |
+----------+-----------------+----------------+------------------+
|      100 |          1      |        10      |            0.5   |
+----------+-----------------+----------------+------------------+
|      100 |          1      |         1      |            0.5   |
+----------+-----------------+----------------+------------------+
|      100 |          1      |         0      |            0.594 |
+----------+-----------------+----------------+------------------+
|      100 |          1      |         0.1    |            0.5   |
+----------+-----------------+----------------+------------------+
|      100 |          1      |         0.001  |            0.75  |
+----------+-----------------+----------------+------------------+
|      100 |          1      |         0.0001 |            0.732 |
+----------+-----------------+----------------+------------------+
|      100 |          1      |         1e-05  |            0.743 |
+----------+-----------------+----------------+------------------+
|      100 |          1      |         1e-06  |            0.722 |
+----------+-----------------+----------------+------------------+
|      100 |          0.5    |        10      |            0.5   |
+----------+-----------------+----------------+------------------+
|      100 |          0.5    |         1      |            0.5   |
+----------+-----------------+----------------+------------------+
|      100 |          0.5    |         0      |            0.705 |
+----------+-----------------+----------------+------------------+
|      100 |          0.5    |         0.1    |            0.5   |
+----------+-----------------+----------------+------------------+
|      100 |          0.5    |         0.001  |            0.598 |
+----------+-----------------+----------------+------------------+
|      100 |          0.5    |         0.0001 |            0.647 |
+----------+-----------------+----------------+------------------+
|      100 |          0.5    |         1e-05  |            0.669 |
+----------+-----------------+----------------+------------------+
|      100 |          0.5    |         1e-06  |            0.723 |
+----------+-----------------+----------------+------------------+
|      100 |          0.1    |        10      |            0.5   |
+----------+-----------------+----------------+------------------+
|      100 |          0.1    |         1      |            0.5   |
+----------+-----------------+----------------+------------------+
|      100 |          0.1    |         0      |            0.713 |
+----------+-----------------+----------------+------------------+
|      100 |          0.1    |         0.1    |            0.501 |
+----------+-----------------+----------------+------------------+
|      100 |          0.1    |         0.001  |            0.756 |
+----------+-----------------+----------------+------------------+
|      100 |          0.1    |         0.0001 |            0.756 |
+----------+-----------------+----------------+------------------+
|      100 |          0.1    |         1e-05  |            0.708 |
+----------+-----------------+----------------+------------------+
|      100 |          0.1    |         1e-06  |            0.702 |
+----------+-----------------+----------------+------------------+
|      100 |          0.001  |        10      |            0.737 |
+----------+-----------------+----------------+------------------+
|      100 |          0.001  |         1      |            0.707 |
+----------+-----------------+----------------+------------------+
|      100 |          0.001  |         0      |            0.727 |
+----------+-----------------+----------------+------------------+
|      100 |          0.001  |         0.1    |            0.761 |
+----------+-----------------+----------------+------------------+
|      100 |          0.001  |         0.001  |            0.727 |
+----------+-----------------+----------------+------------------+
|      100 |          0.001  |         0.0001 |            0.7   |
+----------+-----------------+----------------+------------------+
|      100 |          0.001  |         1e-05  |            0.728 |
+----------+-----------------+----------------+------------------+
|      100 |          0.001  |         1e-06  |            0.702 |
+----------+-----------------+----------------+------------------+
|      100 |          0.0001 |        10      |            0.656 |
+----------+-----------------+----------------+------------------+
|      100 |          0.0001 |         1      |            0.726 |
+----------+-----------------+----------------+------------------+
|      100 |          0.0001 |         0      |            0.73  |
+----------+-----------------+----------------+------------------+
|      100 |          0.0001 |         0.1    |            0.714 |
+----------+-----------------+----------------+------------------+
|      100 |          0.0001 |         0.001  |            0.712 |
+----------+-----------------+----------------+------------------+
|      100 |          0.0001 |         0.0001 |            0.728 |
+----------+-----------------+----------------+------------------+
|      100 |          0.0001 |         1e-05  |            0.681 |
+----------+-----------------+----------------+------------------+
|      100 |          0.0001 |         1e-06  |            0.725 |
+----------+-----------------+----------------+------------------+
|      100 |          1e-05  |        10      |            0.682 |
+----------+-----------------+----------------+------------------+
|      100 |          1e-05  |         1      |            0.696 |
+----------+-----------------+----------------+------------------+
|      100 |          1e-05  |         0      |            0.684 |
+----------+-----------------+----------------+------------------+
|      100 |          1e-05  |         0.1    |            0.611 |
+----------+-----------------+----------------+------------------+
|      100 |          1e-05  |         0.001  |            0.719 |
+----------+-----------------+----------------+------------------+
|      100 |          1e-05  |         0.0001 |            0.727 |
+----------+-----------------+----------------+------------------+
|      100 |          1e-05  |         1e-05  |            0.711 |
+----------+-----------------+----------------+------------------+
|      100 |          1e-05  |         1e-06  |            0.719 |
+----------+-----------------+----------------+------------------+
|      100 |          1e-06  |        10      |            0.74  |
+----------+-----------------+----------------+------------------+
|      100 |          1e-06  |         1      |            0.729 |
+----------+-----------------+----------------+------------------+
|      100 |          1e-06  |         0      |            0.715 |
+----------+-----------------+----------------+------------------+
|      100 |          1e-06  |         0.1    |            0.654 |
+----------+-----------------+----------------+------------------+
|      100 |          1e-06  |         0.001  |            0.729 |
+----------+-----------------+----------------+------------------+
|      100 |          1e-06  |         0.0001 |            0.706 |
+----------+-----------------+----------------+------------------+
|      100 |          1e-06  |         1e-05  |            0.722 |
+----------+-----------------+----------------+------------------+
|      100 |          1e-06  |         1e-06  |            0.729 |
+----------+-----------------+----------------+------------------+
|     1000 |         10      |        10      |            0.5   |
+----------+-----------------+----------------+------------------+
|     1000 |         10      |         1      |            0.5   |
+----------+-----------------+----------------+------------------+
|     1000 |         10      |         0      |            0.708 |
+----------+-----------------+----------------+------------------+
|     1000 |         10      |         0.1    |            0.5   |
+----------+-----------------+----------------+------------------+
|     1000 |         10      |         0.001  |            0.624 |
+----------+-----------------+----------------+------------------+
|     1000 |         10      |         0.0001 |            0.73  |
+----------+-----------------+----------------+------------------+
|     1000 |         10      |         1e-05  |            0.751 |
+----------+-----------------+----------------+------------------+
|     1000 |         10      |         1e-06  |            0.684 |
+----------+-----------------+----------------+------------------+
|     1000 |          1      |        10      |            0.5   |
+----------+-----------------+----------------+------------------+
|     1000 |          1      |         1      |            0.5   |
+----------+-----------------+----------------+------------------+
|     1000 |          1      |         0      |            0.72  |
+----------+-----------------+----------------+------------------+
|     1000 |          1      |         0.1    |            0.523 |
+----------+-----------------+----------------+------------------+
|     1000 |          1      |         0.001  |            0.75  |
+----------+-----------------+----------------+------------------+
|     1000 |          1      |         0.0001 |            0.528 |
+----------+-----------------+----------------+------------------+
|     1000 |          1      |         1e-05  |            0.742 |
+----------+-----------------+----------------+------------------+
|     1000 |          1      |         1e-06  |            0.682 |
+----------+-----------------+----------------+------------------+
|     1000 |          0.5    |        10      |            0.5   |
+----------+-----------------+----------------+------------------+
|     1000 |          0.5    |         1      |            0.5   |
+----------+-----------------+----------------+------------------+
|     1000 |          0.5    |         0      |            0.714 |
+----------+-----------------+----------------+------------------+
|     1000 |          0.5    |         0.1    |            0.636 |
+----------+-----------------+----------------+------------------+
|     1000 |          0.5    |         0.001  |            0.699 |
+----------+-----------------+----------------+------------------+
|     1000 |          0.5    |         0.0001 |            0.651 |
+----------+-----------------+----------------+------------------+
|     1000 |          0.5    |         1e-05  |            0.738 |
+----------+-----------------+----------------+------------------+
|     1000 |          0.5    |         1e-06  |            0.73  |
+----------+-----------------+----------------+------------------+
|     1000 |          0.1    |        10      |            0.5   |
+----------+-----------------+----------------+------------------+
|     1000 |          0.1    |         1      |            0.524 |
+----------+-----------------+----------------+------------------+
|     1000 |          0.1    |         0      |            0.72  |
+----------+-----------------+----------------+------------------+
|     1000 |          0.1    |         0.1    |            0.701 |
+----------+-----------------+----------------+------------------+
|     1000 |          0.1    |         0.001  |            0.755 |
+----------+-----------------+----------------+------------------+
|     1000 |          0.1    |         0.0001 |            0.739 |
+----------+-----------------+----------------+------------------+
|     1000 |          0.1    |         1e-05  |            0.723 |
+----------+-----------------+----------------+------------------+
|     1000 |          0.1    |         1e-06  |            0.723 |
+----------+-----------------+----------------+------------------+
|     1000 |          0.001  |        10      |            0.5   |
+----------+-----------------+----------------+------------------+
|     1000 |          0.001  |         1      |            0.562 |
+----------+-----------------+----------------+------------------+
|     1000 |          0.001  |         0      |            0.729 |
+----------+-----------------+----------------+------------------+
|     1000 |          0.001  |         0.1    |            0.544 |
+----------+-----------------+----------------+------------------+
|     1000 |          0.001  |         0.001  |            0.733 |
+----------+-----------------+----------------+------------------+
|     1000 |          0.001  |         0.0001 |            0.732 |
+----------+-----------------+----------------+------------------+
|     1000 |          0.001  |         1e-05  |            0.73  |
+----------+-----------------+----------------+------------------+
|     1000 |          0.001  |         1e-06  |            0.738 |
+----------+-----------------+----------------+------------------+
|     1000 |          0.0001 |        10      |            0.63  |
+----------+-----------------+----------------+------------------+
|     1000 |          0.0001 |         1      |            0.618 |
+----------+-----------------+----------------+------------------+
|     1000 |          0.0001 |         0      |            0.631 |
+----------+-----------------+----------------+------------------+
|     1000 |          0.0001 |         0.1    |            0.709 |
+----------+-----------------+----------------+------------------+
|     1000 |          0.0001 |         0.001  |            0.676 |
+----------+-----------------+----------------+------------------+
|     1000 |          0.0001 |         0.0001 |            0.659 |
+----------+-----------------+----------------+------------------+
|     1000 |          0.0001 |         1e-05  |            0.696 |
+----------+-----------------+----------------+------------------+
|     1000 |          0.0001 |         1e-06  |            0.596 |
+----------+-----------------+----------------+------------------+
|     1000 |          1e-05  |        10      |            0.656 |
+----------+-----------------+----------------+------------------+
|     1000 |          1e-05  |         1      |            0.624 |
+----------+-----------------+----------------+------------------+
|     1000 |          1e-05  |         0      |            0.732 |
+----------+-----------------+----------------+------------------+
|     1000 |          1e-05  |         0.1    |            0.726 |
+----------+-----------------+----------------+------------------+
|     1000 |          1e-05  |         0.001  |            0.729 |
+----------+-----------------+----------------+------------------+
|     1000 |          1e-05  |         0.0001 |            0.736 |
+----------+-----------------+----------------+------------------+
|     1000 |          1e-05  |         1e-05  |            0.716 |
+----------+-----------------+----------------+------------------+
|     1000 |          1e-05  |         1e-06  |            0.716 |
+----------+-----------------+----------------+------------------+
|     1000 |          1e-06  |        10      |            0.75  |
+----------+-----------------+----------------+------------------+
|     1000 |          1e-06  |         1      |            0.718 |
+----------+-----------------+----------------+------------------+
|     1000 |          1e-06  |         0      |            0.74  |
+----------+-----------------+----------------+------------------+
|     1000 |          1e-06  |         0.1    |            0.72  |
+----------+-----------------+----------------+------------------+
|     1000 |          1e-06  |         0.001  |            0.722 |
+----------+-----------------+----------------+------------------+
|     1000 |          1e-06  |         0.0001 |            0.725 |
+----------+-----------------+----------------+------------------+
|     1000 |          1e-06  |         1e-05  |            0.675 |
+----------+-----------------+----------------+------------------+
|     1000 |          1e-06  |         1e-06  |            0.728 |
+----------+-----------------+----------------+------------------+
|    10000 |         10      |        10      |            0.5   |
+----------+-----------------+----------------+------------------+
|    10000 |         10      |         1      |            0.5   |
+----------+-----------------+----------------+------------------+
|    10000 |         10      |         0      |            0.71  |
+----------+-----------------+----------------+------------------+
|    10000 |         10      |         0.1    |            0.5   |
+----------+-----------------+----------------+------------------+
|    10000 |         10      |         0.001  |            0.735 |
+----------+-----------------+----------------+------------------+
|    10000 |         10      |         0.0001 |            0.734 |
+----------+-----------------+----------------+------------------+
|    10000 |         10      |         1e-05  |            0.745 |
+----------+-----------------+----------------+------------------+
|    10000 |         10      |         1e-06  |            0.66  |
+----------+-----------------+----------------+------------------+
|    10000 |          1      |        10      |            0.5   |
+----------+-----------------+----------------+------------------+
|    10000 |          1      |         1      |            0.5   |
+----------+-----------------+----------------+------------------+
|    10000 |          1      |         0      |            0.733 |
+----------+-----------------+----------------+------------------+
|    10000 |          1      |         0.1    |            0.5   |
+----------+-----------------+----------------+------------------+
|    10000 |          1      |         0.001  |            0.717 |
+----------+-----------------+----------------+------------------+
|    10000 |          1      |         0.0001 |            0.777 |
+----------+-----------------+----------------+------------------+
|    10000 |          1      |         1e-05  |            0.751 |
+----------+-----------------+----------------+------------------+
|    10000 |          1      |         1e-06  |            0.712 |
+----------+-----------------+----------------+------------------+
|    10000 |          0.5    |        10      |            0.5   |
+----------+-----------------+----------------+------------------+
|    10000 |          0.5    |         1      |            0.5   |
+----------+-----------------+----------------+------------------+
|    10000 |          0.5    |         0      |            0.689 |
+----------+-----------------+----------------+------------------+
|    10000 |          0.5    |         0.1    |            0.517 |
+----------+-----------------+----------------+------------------+
|    10000 |          0.5    |         0.001  |            0.552 |
+----------+-----------------+----------------+------------------+
|    10000 |          0.5    |         0.0001 |            0.562 |
+----------+-----------------+----------------+------------------+
|    10000 |          0.5    |         1e-05  |            0.726 |
+----------+-----------------+----------------+------------------+
|    10000 |          0.5    |         1e-06  |            0.696 |
+----------+-----------------+----------------+------------------+
|    10000 |          0.1    |        10      |            0.5   |
+----------+-----------------+----------------+------------------+
|    10000 |          0.1    |         1      |            0.5   |
+----------+-----------------+----------------+------------------+
|    10000 |          0.1    |         0      |            0.721 |
+----------+-----------------+----------------+------------------+
|    10000 |          0.1    |         0.1    |            0.69  |
+----------+-----------------+----------------+------------------+
|    10000 |          0.1    |         0.001  |            0.658 |
+----------+-----------------+----------------+------------------+
|    10000 |          0.1    |         0.0001 |            0.588 |
+----------+-----------------+----------------+------------------+
|    10000 |          0.1    |         1e-05  |            0.735 |
+----------+-----------------+----------------+------------------+
|    10000 |          0.1    |         1e-06  |            0.709 |
+----------+-----------------+----------------+------------------+
|    10000 |          0.001  |        10      |            0.5   |
+----------+-----------------+----------------+------------------+
|    10000 |          0.001  |         1      |            0.68  |
+----------+-----------------+----------------+------------------+
|    10000 |          0.001  |         0      |            0.702 |
+----------+-----------------+----------------+------------------+
|    10000 |          0.001  |         0.1    |            0.721 |
+----------+-----------------+----------------+------------------+
|    10000 |          0.001  |         0.001  |            0.734 |
+----------+-----------------+----------------+------------------+
|    10000 |          0.001  |         0.0001 |            0.71  |
+----------+-----------------+----------------+------------------+
|    10000 |          0.001  |         1e-05  |            0.695 |
+----------+-----------------+----------------+------------------+
|    10000 |          0.001  |         1e-06  |            0.721 |
+----------+-----------------+----------------+------------------+
|    10000 |          0.0001 |        10      |            0.689 |
+----------+-----------------+----------------+------------------+
|    10000 |          0.0001 |         1      |            0.736 |
+----------+-----------------+----------------+------------------+
|    10000 |          0.0001 |         0      |            0.712 |
+----------+-----------------+----------------+------------------+
|    10000 |          0.0001 |         0.1    |            0.675 |
+----------+-----------------+----------------+------------------+
|    10000 |          0.0001 |         0.001  |            0.739 |
+----------+-----------------+----------------+------------------+
|    10000 |          0.0001 |         0.0001 |            0.703 |
+----------+-----------------+----------------+------------------+
|    10000 |          0.0001 |         1e-05  |            0.566 |
+----------+-----------------+----------------+------------------+
|    10000 |          0.0001 |         1e-06  |            0.729 |
+----------+-----------------+----------------+------------------+
|    10000 |          1e-05  |        10      |            0.695 |
+----------+-----------------+----------------+------------------+
|    10000 |          1e-05  |         1      |            0.741 |
+----------+-----------------+----------------+------------------+
|    10000 |          1e-05  |         0      |            0.625 |
+----------+-----------------+----------------+------------------+
|    10000 |          1e-05  |         0.1    |            0.728 |
+----------+-----------------+----------------+------------------+
|    10000 |          1e-05  |         0.001  |            0.69  |
+----------+-----------------+----------------+------------------+
|    10000 |          1e-05  |         0.0001 |            0.715 |
+----------+-----------------+----------------+------------------+
|    10000 |          1e-05  |         1e-05  |            0.735 |
+----------+-----------------+----------------+------------------+
|    10000 |          1e-05  |         1e-06  |            0.701 |
+----------+-----------------+----------------+------------------+
|    10000 |          1e-06  |        10      |            0.726 |
+----------+-----------------+----------------+------------------+
|    10000 |          1e-06  |         1      |            0.728 |
+----------+-----------------+----------------+------------------+
|    10000 |          1e-06  |         0      |            0.723 |
+----------+-----------------+----------------+------------------+
|    10000 |          1e-06  |         0.1    |            0.737 |
+----------+-----------------+----------------+------------------+
|    10000 |          1e-06  |         0.001  |            0.724 |
+----------+-----------------+----------------+------------------+
|    10000 |          1e-06  |         0.0001 |            0.728 |
+----------+-----------------+----------------+------------------+
|    10000 |          1e-06  |         1e-05  |            0.729 |
+----------+-----------------+----------------+------------------+
|    10000 |          1e-06  |         1e-06  |            0.71  |
+----------+-----------------+----------------+------------------+
|   100000 |         10      |        10      |            0.5   |
+----------+-----------------+----------------+------------------+
|   100000 |         10      |         1      |            0.5   |
+----------+-----------------+----------------+------------------+
|   100000 |         10      |         0      |            0.72  |
+----------+-----------------+----------------+------------------+
|   100000 |         10      |         0.1    |            0.5   |
+----------+-----------------+----------------+------------------+
|   100000 |         10      |         0.001  |            0.705 |
+----------+-----------------+----------------+------------------+
|   100000 |         10      |         0.0001 |            0.639 |
+----------+-----------------+----------------+------------------+
|   100000 |         10      |         1e-05  |            0.731 |
+----------+-----------------+----------------+------------------+
|   100000 |         10      |         1e-06  |            0.719 |
+----------+-----------------+----------------+------------------+
|   100000 |          1      |        10      |            0.5   |
+----------+-----------------+----------------+------------------+
|   100000 |          1      |         1      |            0.5   |
+----------+-----------------+----------------+------------------+
|   100000 |          1      |         0      |            0.699 |
+----------+-----------------+----------------+------------------+
|   100000 |          1      |         0.1    |            0.5   |
+----------+-----------------+----------------+------------------+
|   100000 |          1      |         0.001  |            0.582 |
+----------+-----------------+----------------+------------------+
|   100000 |          1      |         0.0001 |            0.705 |
+----------+-----------------+----------------+------------------+
|   100000 |          1      |         1e-05  |            0.707 |
+----------+-----------------+----------------+------------------+
|   100000 |          1      |         1e-06  |            0.713 |
+----------+-----------------+----------------+------------------+
|   100000 |          0.5    |        10      |            0.5   |
+----------+-----------------+----------------+------------------+
|   100000 |          0.5    |         1      |            0.5   |
+----------+-----------------+----------------+------------------+
|   100000 |          0.5    |         0      |            0.691 |
+----------+-----------------+----------------+------------------+
|   100000 |          0.5    |         0.1    |            0.5   |
+----------+-----------------+----------------+------------------+
|   100000 |          0.5    |         0.001  |            0.699 |
+----------+-----------------+----------------+------------------+
|   100000 |          0.5    |         0.0001 |            0.625 |
+----------+-----------------+----------------+------------------+
|   100000 |          0.5    |         1e-05  |            0.731 |
+----------+-----------------+----------------+------------------+
|   100000 |          0.5    |         1e-06  |            0.733 |
+----------+-----------------+----------------+------------------+
|   100000 |          0.1    |        10      |            0.5   |
+----------+-----------------+----------------+------------------+
|   100000 |          0.1    |         1      |            0.5   |
+----------+-----------------+----------------+------------------+
|   100000 |          0.1    |         0      |            0.715 |
+----------+-----------------+----------------+------------------+
|   100000 |          0.1    |         0.1    |            0.637 |
+----------+-----------------+----------------+------------------+
|   100000 |          0.1    |         0.001  |            0.576 |
+----------+-----------------+----------------+------------------+
|   100000 |          0.1    |         0.0001 |            0.628 |
+----------+-----------------+----------------+------------------+
|   100000 |          0.1    |         1e-05  |            0.727 |
+----------+-----------------+----------------+------------------+
|   100000 |          0.1    |         1e-06  |            0.749 |
+----------+-----------------+----------------+------------------+
|   100000 |          0.001  |        10      |            0.608 |
+----------+-----------------+----------------+------------------+
|   100000 |          0.001  |         1      |            0.743 |
+----------+-----------------+----------------+------------------+
|   100000 |          0.001  |         0      |            0.736 |
+----------+-----------------+----------------+------------------+
|   100000 |          0.001  |         0.1    |            0.75  |
+----------+-----------------+----------------+------------------+
|   100000 |          0.001  |         0.001  |            0.747 |
+----------+-----------------+----------------+------------------+
|   100000 |          0.001  |         0.0001 |            0.687 |
+----------+-----------------+----------------+------------------+
|   100000 |          0.001  |         1e-05  |            0.734 |
+----------+-----------------+----------------+------------------+
|   100000 |          0.001  |         1e-06  |            0.723 |
+----------+-----------------+----------------+------------------+
|   100000 |          0.0001 |        10      |            0.765 |
+----------+-----------------+----------------+------------------+
|   100000 |          0.0001 |         1      |            0.516 |
+----------+-----------------+----------------+------------------+
|   100000 |          0.0001 |         0      |            0.645 |
+----------+-----------------+----------------+------------------+
|   100000 |          0.0001 |         0.1    |            0.756 |
+----------+-----------------+----------------+------------------+
|   100000 |          0.0001 |         0.001  |            0.721 |
+----------+-----------------+----------------+------------------+
|   100000 |          0.0001 |         0.0001 |            0.723 |
+----------+-----------------+----------------+------------------+
|   100000 |          0.0001 |         1e-05  |            0.71  |
+----------+-----------------+----------------+------------------+
|   100000 |          0.0001 |         1e-06  |            0.721 |
+----------+-----------------+----------------+------------------+
|   100000 |          1e-05  |        10      |            0.712 |
+----------+-----------------+----------------+------------------+
|   100000 |          1e-05  |         1      |            0.731 |
+----------+-----------------+----------------+------------------+
|   100000 |          1e-05  |         0      |            0.718 |
+----------+-----------------+----------------+------------------+
|   100000 |          1e-05  |         0.1    |            0.69  |
+----------+-----------------+----------------+------------------+
|   100000 |          1e-05  |         0.001  |            0.729 |
+----------+-----------------+----------------+------------------+
|   100000 |          1e-05  |         0.0001 |            0.724 |
+----------+-----------------+----------------+------------------+
|   100000 |          1e-05  |         1e-05  |            0.707 |
+----------+-----------------+----------------+------------------+
|   100000 |          1e-05  |         1e-06  |            0.703 |
+----------+-----------------+----------------+------------------+
|   100000 |          1e-06  |        10      |            0.755 |
+----------+-----------------+----------------+------------------+
|   100000 |          1e-06  |         1      |            0.714 |
+----------+-----------------+----------------+------------------+
|   100000 |          1e-06  |         0      |            0.693 |
+----------+-----------------+----------------+------------------+
|   100000 |          1e-06  |         0.1    |            0.699 |
+----------+-----------------+----------------+------------------+
|   100000 |          1e-06  |         0.001  |            0.682 |
+----------+-----------------+----------------+------------------+
|   100000 |          1e-06  |         0.0001 |            0.726 |
+----------+-----------------+----------------+------------------+
|   100000 |          1e-06  |         1e-05  |            0.734 |
+----------+-----------------+----------------+------------------+
|   100000 |          1e-06  |         1e-06  |            0.743 |
+----------+-----------------+----------------+------------------+
|  1000000 |         10      |        10      |            0.5   |
+----------+-----------------+----------------+------------------+
|  1000000 |         10      |         1      |            0.5   |
+----------+-----------------+----------------+------------------+
|  1000000 |         10      |         0      |            0.624 |
+----------+-----------------+----------------+------------------+
|  1000000 |         10      |         0.1    |            0.5   |
+----------+-----------------+----------------+------------------+
|  1000000 |         10      |         0.001  |            0.502 |
+----------+-----------------+----------------+------------------+
|  1000000 |         10      |         0.0001 |            0.758 |
+----------+-----------------+----------------+------------------+
|  1000000 |         10      |         1e-05  |            0.76  |
+----------+-----------------+----------------+------------------+
|  1000000 |         10      |         1e-06  |            0.735 |
+----------+-----------------+----------------+------------------+
|  1000000 |          1      |        10      |            0.5   |
+----------+-----------------+----------------+------------------+
|  1000000 |          1      |         1      |            0.5   |
+----------+-----------------+----------------+------------------+
|  1000000 |          1      |         0      |            0.718 |
+----------+-----------------+----------------+------------------+
|  1000000 |          1      |         0.1    |            0.5   |
+----------+-----------------+----------------+------------------+
|  1000000 |          1      |         0.001  |            0.74  |
+----------+-----------------+----------------+------------------+
|  1000000 |          1      |         0.0001 |            0.58  |
+----------+-----------------+----------------+------------------+
|  1000000 |          1      |         1e-05  |            0.589 |
+----------+-----------------+----------------+------------------+
|  1000000 |          1      |         1e-06  |            0.71  |
+----------+-----------------+----------------+------------------+
|  1000000 |          0.5    |        10      |            0.5   |
+----------+-----------------+----------------+------------------+
|  1000000 |          0.5    |         1      |            0.5   |
+----------+-----------------+----------------+------------------+
|  1000000 |          0.5    |         0      |            0.723 |
+----------+-----------------+----------------+------------------+
|  1000000 |          0.5    |         0.1    |            0.595 |
+----------+-----------------+----------------+------------------+
|  1000000 |          0.5    |         0.001  |            0.524 |
+----------+-----------------+----------------+------------------+
|  1000000 |          0.5    |         0.0001 |            0.714 |
+----------+-----------------+----------------+------------------+
|  1000000 |          0.5    |         1e-05  |            0.684 |
+----------+-----------------+----------------+------------------+
|  1000000 |          0.5    |         1e-06  |            0.722 |
+----------+-----------------+----------------+------------------+
|  1000000 |          0.1    |        10      |            0.5   |
+----------+-----------------+----------------+------------------+
|  1000000 |          0.1    |         1      |            0.5   |
+----------+-----------------+----------------+------------------+
|  1000000 |          0.1    |         0      |            0.731 |
+----------+-----------------+----------------+------------------+
|  1000000 |          0.1    |         0.1    |            0.67  |
+----------+-----------------+----------------+------------------+
|  1000000 |          0.1    |         0.001  |            0.75  |
+----------+-----------------+----------------+------------------+
|  1000000 |          0.1    |         0.0001 |            0.748 |
+----------+-----------------+----------------+------------------+
|  1000000 |          0.1    |         1e-05  |            0.75  |
+----------+-----------------+----------------+------------------+
|  1000000 |          0.1    |         1e-06  |            0.64  |
+----------+-----------------+----------------+------------------+
|  1000000 |          0.001  |        10      |            0.508 |
+----------+-----------------+----------------+------------------+
|  1000000 |          0.001  |         1      |            0.754 |
+----------+-----------------+----------------+------------------+
|  1000000 |          0.001  |         0      |            0.728 |
+----------+-----------------+----------------+------------------+
|  1000000 |          0.001  |         0.1    |            0.61  |
+----------+-----------------+----------------+------------------+
|  1000000 |          0.001  |         0.001  |            0.726 |
+----------+-----------------+----------------+------------------+
|  1000000 |          0.001  |         0.0001 |            0.73  |
+----------+-----------------+----------------+------------------+
|  1000000 |          0.001  |         1e-05  |            0.714 |
+----------+-----------------+----------------+------------------+
|  1000000 |          0.001  |         1e-06  |            0.716 |
+----------+-----------------+----------------+------------------+
|  1000000 |          0.0001 |        10      |            0.534 |
+----------+-----------------+----------------+------------------+
|  1000000 |          0.0001 |         1      |            0.623 |
+----------+-----------------+----------------+------------------+
|  1000000 |          0.0001 |         0      |            0.708 |
+----------+-----------------+----------------+------------------+
|  1000000 |          0.0001 |         0.1    |            0.746 |
+----------+-----------------+----------------+------------------+
|  1000000 |          0.0001 |         0.001  |            0.721 |
+----------+-----------------+----------------+------------------+
|  1000000 |          0.0001 |         0.0001 |            0.709 |
+----------+-----------------+----------------+------------------+
|  1000000 |          0.0001 |         1e-05  |            0.742 |
+----------+-----------------+----------------+------------------+
|  1000000 |          0.0001 |         1e-06  |            0.61  |
+----------+-----------------+----------------+------------------+
|  1000000 |          1e-05  |        10      |            0.735 |
+----------+-----------------+----------------+------------------+
|  1000000 |          1e-05  |         1      |            0.754 |
+----------+-----------------+----------------+------------------+
|  1000000 |          1e-05  |         0      |            0.729 |
+----------+-----------------+----------------+------------------+
|  1000000 |          1e-05  |         0.1    |            0.725 |
+----------+-----------------+----------------+------------------+
|  1000000 |          1e-05  |         0.001  |            0.731 |
+----------+-----------------+----------------+------------------+
|  1000000 |          1e-05  |         0.0001 |            0.732 |
+----------+-----------------+----------------+------------------+
|  1000000 |          1e-05  |         1e-05  |            0.728 |
+----------+-----------------+----------------+------------------+
|  1000000 |          1e-05  |         1e-06  |            0.633 |
+----------+-----------------+----------------+------------------+
|  1000000 |          1e-06  |        10      |            0.721 |
+----------+-----------------+----------------+------------------+
|  1000000 |          1e-06  |         1      |            0.735 |
+----------+-----------------+----------------+------------------+
|  1000000 |          1e-06  |         0      |            0.693 |
+----------+-----------------+----------------+------------------+
|  1000000 |          1e-06  |         0.1    |            0.613 |
+----------+-----------------+----------------+------------------+
|  1000000 |          1e-06  |         0.001  |            0.727 |
+----------+-----------------+----------------+------------------+
|  1000000 |          1e-06  |         0.0001 |            0.648 |
+----------+-----------------+----------------+------------------+
|  1000000 |          1e-06  |         1e-05  |            0.736 |
+----------+-----------------+----------------+------------------+
|  1000000 |          1e-06  |         1e-06  |            0.722 |
+----------+-----------------+----------------+------------------+



+----------+-----------------+----------------+------------------+
|   epoche |   learning_rate |   reg_constant |   accuracy_score |
+==========+=================+================+==================+
|        1 |           1     |         10     |            0.5   |
+----------+-----------------+----------------+------------------+
|        1 |           1     |          1     |            0.5   |
+----------+-----------------+----------------+------------------+
|        1 |           1     |          0     |            0.68  |
+----------+-----------------+----------------+------------------+
|        1 |           1     |          0.001 |            0.707 |
+----------+-----------------+----------------+------------------+
|        1 |           1     |          1e-06 |            0.744 |
+----------+-----------------+----------------+------------------+
|        1 |           0.1   |         10     |            0.5   |
+----------+-----------------+----------------+------------------+
|        1 |           0.1   |          1     |            0.5   |
+----------+-----------------+----------------+------------------+
|        1 |           0.1   |          0     |            0.745 |
+----------+-----------------+----------------+------------------+
|        1 |           0.1   |          0.001 |            0.743 |
+----------+-----------------+----------------+------------------+
|        1 |           0.1   |          1e-06 |            0.721 |
+----------+-----------------+----------------+------------------+
|        1 |           0.001 |         10     |            0.5   |
+----------+-----------------+----------------+------------------+
|        1 |           0.001 |          1     |            0.731 |
+----------+-----------------+----------------+------------------+
|        1 |           0.001 |          0     |            0.577 |
+----------+-----------------+----------------+------------------+
|        1 |           0.001 |          0.001 |            0.577 |
+----------+-----------------+----------------+------------------+
|        1 |           0.001 |          1e-06 |            0.577 |
+----------+-----------------+----------------+------------------+
|        1 |           1e-06 |         10     |            0.577 |
+----------+-----------------+----------------+------------------+
|        1 |           1e-06 |          1     |            0.577 |
+----------+-----------------+----------------+------------------+
|        1 |           1e-06 |          0     |            0.577 |
+----------+-----------------+----------------+------------------+
|        1 |           1e-06 |          0.001 |            0.577 |
+----------+-----------------+----------------+------------------+
|        1 |           1e-06 |          1e-06 |            0.577 |
+----------+-----------------+----------------+------------------+
|       10 |           1     |         10     |            0.5   |
+----------+-----------------+----------------+------------------+
|       10 |           1     |          1     |            0.5   |
+----------+-----------------+----------------+------------------+
|       10 |           1     |          0     |            0.784 |
+----------+-----------------+----------------+------------------+
|       10 |           1     |          0.001 |            0.612 |
+----------+-----------------+----------------+------------------+
|       10 |           1     |          1e-06 |            0.711 |
+----------+-----------------+----------------+------------------+
|       10 |           0.1   |         10     |            0.5   |
+----------+-----------------+----------------+------------------+
|       10 |           0.1   |          1     |            0.5   |
+----------+-----------------+----------------+------------------+
|       10 |           0.1   |          0     |            0.76  |
+----------+-----------------+----------------+------------------+
|       10 |           0.1   |          0.001 |            0.768 |
+----------+-----------------+----------------+------------------+
|       10 |           0.1   |          1e-06 |            0.789 |
+----------+-----------------+----------------+------------------+
|       10 |           0.001 |         10     |            0.525 |
+----------+-----------------+----------------+------------------+
|       10 |           0.001 |          1     |            0.536 |
+----------+-----------------+----------------+------------------+
|       10 |           0.001 |          0     |            0.577 |
+----------+-----------------+----------------+------------------+
|       10 |           0.001 |          0.001 |            0.577 |
+----------+-----------------+----------------+------------------+
|       10 |           0.001 |          1e-06 |            0.577 |
+----------+-----------------+----------------+------------------+
|       10 |           1e-06 |         10     |            0.577 |
+----------+-----------------+----------------+------------------+
|       10 |           1e-06 |          1     |            0.577 |
+----------+-----------------+----------------+------------------+
|       10 |           1e-06 |          0     |            0.577 |
+----------+-----------------+----------------+------------------+
|       10 |           1e-06 |          0.001 |            0.577 |
+----------+-----------------+----------------+------------------+
|       10 |           1e-06 |          1e-06 |            0.577 |
+----------+-----------------+----------------+------------------+
|      100 |           1     |         10     |            0.5   |
+----------+-----------------+----------------+------------------+
|      100 |           1     |          1     |            0.5   |
+----------+-----------------+----------------+------------------+
|      100 |           1     |          0     |            0.679 |
+----------+-----------------+----------------+------------------+
|      100 |           1     |          0.001 |            0.509 |
+----------+-----------------+----------------+------------------+
|      100 |           1     |          1e-06 |            0.655 |
+----------+-----------------+----------------+------------------+
|      100 |           0.1   |         10     |            0.5   |
+----------+-----------------+----------------+------------------+
|      100 |           0.1   |          1     |            0.5   |
+----------+-----------------+----------------+------------------+
|      100 |           0.1   |          0     |            0.765 |
+----------+-----------------+----------------+------------------+
|      100 |           0.1   |          0.001 |            0.771 |
+----------+-----------------+----------------+------------------+
|      100 |           0.1   |          1e-06 |            0.782 |
+----------+-----------------+----------------+------------------+
|      100 |           0.001 |         10     |            0.503 |
+----------+-----------------+----------------+------------------+
|      100 |           0.001 |          1     |            0.7   |
+----------+-----------------+----------------+------------------+
|      100 |           0.001 |          0     |            0.751 |
+----------+-----------------+----------------+------------------+
|      100 |           0.001 |          0.001 |            0.745 |
+----------+-----------------+----------------+------------------+
|      100 |           0.001 |          1e-06 |            0.75  |
+----------+-----------------+----------------+------------------+
|      100 |           1e-06 |         10     |            0.577 |
+----------+-----------------+----------------+------------------+
|      100 |           1e-06 |          1     |            0.577 |
+----------+-----------------+----------------+------------------+
|      100 |           1e-06 |          0     |            0.577 |
+----------+-----------------+----------------+------------------+
|      100 |           1e-06 |          0.001 |            0.577 |
+----------+-----------------+----------------+------------------+
|      100 |           1e-06 |          1e-06 |            0.577 |
+----------+-----------------+----------------+------------------+



+----------+-----------------+----------------+------------------+
|   epoche |   learning_rate |   reg_constant |   accuracy_score |
+==========+=================+================+==================+
|     1000 |           1     |         10     |            0.5   |
+----------+-----------------+----------------+------------------+
|     1000 |           1     |          1     |            0.5   |
+----------+-----------------+----------------+------------------+
|     1000 |           1     |          0     |            0.628 |
+----------+-----------------+----------------+------------------+
|     1000 |           1     |          0.001 |            0.756 |
+----------+-----------------+----------------+------------------+
|     1000 |           1     |          1e-06 |            0.733 |
+----------+-----------------+----------------+------------------+
|     1000 |           0.1   |         10     |            0.5   |
+----------+-----------------+----------------+------------------+
|     1000 |           0.1   |          1     |            0.5   |
+----------+-----------------+----------------+------------------+
|     1000 |           0.1   |          0     |            0.736 |
+----------+-----------------+----------------+------------------+
|     1000 |           0.1   |          0.001 |            0.723 |
+----------+-----------------+----------------+------------------+
|     1000 |           0.1   |          1e-06 |            0.751 |
+----------+-----------------+----------------+------------------+
|     1000 |           0.001 |         10     |            0.5   |
+----------+-----------------+----------------+------------------+
|     1000 |           0.001 |          1     |            0.67  |
+----------+-----------------+----------------+------------------+
|     1000 |           0.001 |          0     |            0.793 |
+----------+-----------------+----------------+------------------+
|     1000 |           0.001 |          0.001 |            0.762 |
+----------+-----------------+----------------+------------------+
|     1000 |           0.001 |          1e-06 |            0.78  |
+----------+-----------------+----------------+------------------+
|     1000 |           1e-06 |         10     |            0.577 |
+----------+-----------------+----------------+------------------+
|     1000 |           1e-06 |          1     |            0.577 |
+----------+-----------------+----------------+------------------+
|     1000 |           1e-06 |          0     |            0.577 |
+----------+-----------------+----------------+------------------+
|     1000 |           1e-06 |          0.001 |            0.577 |
+----------+-----------------+----------------+------------------+
|     1000 |           1e-06 |          1e-06 |            0.577 |
+----------+-----------------+----------------+------------------+

